#doc name topic proportion ...
0	file:/Users/simonemordue/SDG/SDGclassy-master/project-simone/target-txt/Jamacia_2018.pdf653.txt	8.115928432327336E-4	0.2920331411951096	0.02006643155770159	8.244650035654571E-4	5.850148280356473E-4	2.720946905229641E-4	2.854185979508304E-4	2.7188173074085386E-4	2.7225687398630283E-4	2.7260607970707476E-4	5.618092500145657E-4	2.7205921565445616E-4	2.855984437219116E-4	2.7291025671507787E-4	0.3025115133896225	0.36471639049805127	5.776206976155744E-4	0.015107194848051548
1	file:/Users/simonemordue/SDG/SDGclassy-master/project-simone/target-txt/Papua%20New%20Guinea_2007.pdf132.txt	5.616332647026888E-4	1.886858938833534E-4	1.979574693016505E-4	0.014258826540197075	4.0483820244201343E-4	1.8829321946455107E-4	0.020729941892984893	0.15075928707228725	1.8840545262278454E-4	1.8864710772194585E-4	0.23308963424616902	1.8826867037398037E-4	1.976379999885575E-4	1.8885760234061669E-4	5.957189110680814E-4	0.5774854753534522	3.9972136381770813E-4	1.8816973718131962E-4
2	file:/Users/simonemordue/SDG/SDGclassy-master/project-simone/target-txt/Cabo%20Verde_2018.pdf155.txt	9.624610614951694E-5	0.30732394151159054	0.05750449129683355	9.77726047135286E-5	6.93764117163538E-5	3.226747831151517E-5	3.384754917995803E-5	3.224222359178043E-5	3.228671151072134E-5	3.2328123520634536E-5	6.662448192286071E-5	3.226327137698078E-5	3.3868876937242184E-5	3.236419561373469E-5	1.0208730350095076E-4	0.5763202439510808	0.058125501585079696	3.224631736951547E-5
3	file:/Users/simonemordue/SDG/SDGclassy-master/project-simone/target-txt/Mauritus_2012.pdf26.txt	0.056648964748932704	0.007121842742062045	6.803794185376758E-5	0.16250689790878556	0.009548464726056844	6.471634115440275E-5	6.788536491210337E-5	6.466568975108163E-5	6.475491566801365E-5	6.483797247634426E-5	0.01424760635629516	6.47079036369769E-5	6.792814031596774E-5	6.491031943388107E-5	0.07665548905521304	0.573678351678796	1.3738415127794901E-4	0.09886255404337782
4	file:/Users/simonemordue/SDG/SDGclassy-master/project-simone/target-txt/Fiji_2019.pdf566.txt	5.984991899030255E-4	2.0107134269387698E-4	2.1095150956738492E-4	6.079916066926444E-4	4.3141201105957594E-4	0.0038473509862915565	2.1047844504937794E-4	0.10230804246317318	0.4742715246334804	2.01030010586894E-4	4.1429934211152544E-4	2.0062673239733332E-4	2.1061107010786275E-4	2.0125432219140723E-4	6.348222373774441E-4	0.4111768553985013	4.259593002534729E-4	0.0038472193985614063
5	file:/Users/simonemordue/SDG/SDGclassy-master/project-simone/target-txt/Papua%20New%20Guinea_2007.pdf7.txt	0.2236609251808871	3.507040014767071E-4	3.679367608116472E-4	0.0010604449469260734	0.051636352986404815	3.4997415099813E-4	3.6711165258290133E-4	3.4970023746164186E-4	0.03851310333009891	3.506319109683623E-4	0.007083098125944483	0.006710415284974824	0.0067278297366826865	3.510231500988445E-4	0.0011072423145530891	0.6535603264342301	0.007103435156187811	3.49744638712132E-4
6	file:/Users/simonemordue/SDG/SDGclassy-master/project-simone/target-txt/kiribati_2018.pdf132.txt	7.77011305656297E-4	0.20383960342871746	2.7387122763805095E-4	7.893349901122954E-4	0.1425916406505689	2.605008810862162E-4	0.1044297292579935	2.602969954066793E-4	2.606561539988046E-4	2.6099048025032606E-4	0.03841295165577461	0.20857341130590007	0.023945354745223416	2.6128169643847984E-4	0.02449609379134899	0.23555077750132147	0.01002177878765866	0.004994715144905696
7	file:/Users/simonemordue/SDG/SDGclassy-master/project-simone/target-txt/Micronesia_2020.pdf7.txt	4.293876861937935E-4	1.442567676878433E-4	0.0027676348859011443	4.361979324738962E-4	3.0951254128697717E-4	1.439565547718468E-4	0.03416277170098898	1.4384388459633314E-4	0.12834223688839913	1.442271143514941E-4	0.3561126322719691	1.439377861591937E-4	1.5110095653607643E-4	1.4438804462921752E-4	4.554473193122194E-4	0.4755190049718128	3.0560054455245223E-4	1.4386214837675774E-4
8	file:/Users/simonemordue/SDG/SDGclassy-master/project-simone/target-txt/Bahrain_2018.pdf114.txt	3.924264411965304E-4	0.004914003679318143	0.09817268743645184	0.0027897326605713572	2.8287002396273713E-4	1.3156492440850485E-4	1.3800738335617473E-4	0.07903717428891127	0.004913807728378682	0.004913976578510115	2.716495179237132E-4	1.3154777137848914E-4	1.380943435068194E-4	1.3195927206817196E-4	4.162428882264893E-4	0.6617396323213156	0.14135314409609698	1.3147864441761972E-4
9	file:/Users/simonemordue/SDG/SDGclassy-master/project-simone/target-txt/Papua%20New%20Guinea_2007.pdf127.txt	5.794804767553737E-4	0.39917685849625273	0.003735063754117457	0.02177356558603775	4.177028842550382E-4	1.9427667740243786E-4	2.0378999962172997E-4	0.024909834682255078	1.9439247703206868E-4	1.9464181128784228E-4	0.02158602834669498	0.0037250670709174974	2.0391841020843925E-4	1.9485899486589549E-4	6.146492743457174E-4	0.5216892983406664	4.1242344610234547E-4	1.9414927118052244E-4
10	file:/Users/simonemordue/SDG/SDGclassy-master/project-simone/target-txt/Fiji_2019.pdf407.txt	6.889446189206559E-4	2.3145732175601296E-4	2.4283058326810344E-4	6.998715334062371E-4	4.966071609978145E-4	2.3097563567218586E-4	0.3360653675840496	0.21851579786919975	2.3111330990782853E-4	2.3140974352503963E-4	0.11801498696314816	2.3094552177952492E-4	2.4243869646581046E-4	2.3166795318596813E-4	0.004928545338812927	0.30120473149137506	0.017281484512175756	2.3082416235336567E-4
11	file:/Users/simonemordue/SDG/SDGclassy-master/project-simone/target-txt/Cabo%20Verde_2018.pdf142.txt	1.1654483780749577E-4	0.0817024918363228	4.107826690920135E-5	1.183932817048493E-4	7.941241837953018E-4	0.29473720388082836	4.0986147774449406E-5	0.024893101496886106	0.0014593280793592353	3.914626848882604E-5	7.907918597744007E-4	0.06607985373260489	0.0035915918657938467	3.9189948346722874E-5	0.008645009710791822	0.5167891709864777	8.294640727697406E-5	3.904720905675909E-5
12	file:/Users/simonemordue/SDG/SDGclassy-master/project-simone/target-txt/Bahrain_2018.pdf102.txt	0.001353901506247509	0.008704273828754465	4.772062708969499E-4	0.05087188339523654	9.759234121627908E-4	4.5390914226599587E-4	4.7613612280938825E-4	0.05819948048209865	4.5417969718418373E-4	4.547622431680297E-4	0.2979162628858891	4.538499629887174E-4	4.764361420399537E-4	0.04170236010066089	0.01793490625786539	0.5176773285774812	9.635885026122682E-4	4.536114696390897E-4
13	file:/Users/simonemordue/SDG/SDGclassy-master/project-simone/target-txt/Cabo%20Verde_2018.pdf70.txt	2.41631117310022E-4	0.028054414003581118	8.516711436695854E-5	2.45463475504558E-4	1.7417327878117806E-4	8.100927039142816E-5	8.497612478840244E-5	8.094586703527184E-5	8.105755639072263E-5	0.46237568989414496	0.001639539976473064	8.099870865202214E-5	0.0015573052373497461	8.12520844722618E-5	0.0032008468990847565	0.5016826013823854	1.7197186459938014E-4	8.095614468833968E-5
14	file:/Users/simonemordue/SDG/SDGclassy-master/project-simone/target-txt/Solomon_2011.pdf41.txt	0.216333495708969	0.010142524094374756	1.920428114040911E-4	5.534941072419711E-4	3.9274227355509347E-4	1.8266731415523518E-4	1.9161215015781754E-4	1.8252434631067194E-4	1.8277619396318563E-4	0.0035028359082196095	0.1431296505190832	1.8264349855288766E-4	1.9173288733171257E-4	0.010142690672453325	5.779197667644876E-4	0.5403121657606156	0.07342393446551851	1.8254752132845263E-4
15	file:/Users/simonemordue/SDG/SDGclassy-master/project-simone/target-txt/Jamacia_2018.pdf319.txt	5.000320333248689E-4	1.6799039000682956E-4	0.2682885476309886	5.079627248755948E-4	3.604346150006377E-4	0.02149475576403868	1.7584980334919097E-4	1.6750957796118535E-4	1.677407081903071E-4	0.006261417280576759	0.009486329515394128	1.6761892853391777E-4	1.759606084743821E-4	1.6814326508460812E-4	5.30379087408822E-4	0.6695288032381799	0.021682993982049106	1.6753084656192903E-4
16	file:/Users/simonemordue/SDG/SDGclassy-master/project-simone/target-txt/Papua%20New%20Guinea_2007.pdf15.txt	0.0013539015062475088	4.5485574304713505E-4	4.772062708969498E-4	0.0013753748809925547	9.759234121627907E-4	0.11594576234216857	4.761361228093882E-4	0.09944657091063533	4.541796971841837E-4	4.5476224316802965E-4	0.2731680086287671	4.5384996298871734E-4	4.7643614203995364E-4	4.5526967212423E-4	0.0014360700864507392	0.4764302381489445	0.025711842759734243	4.5361146963908964E-4
17	file:/Users/simonemordue/SDG/SDGclassy-master/project-simone/target-txt/Cabo%20Verde_2018.pdf48.txt	1.0634956671349633E-4	0.06613126677345943	0.11149270511982251	0.21848250874875683	0.0026686410876792196	3.565476542018009E-5	6.853961718255413E-4	3.5626859579531456E-5	3.5676017629582854E-5	3.5721776876239147E-5	7.361840461369116E-5	0.026603464271147535	0.0635409800547073	0.020771616585333497	0.0046487722155527465	0.48454067989145405	7.569030632586313E-5	3.563138310267187E-5
18	file:/Users/simonemordue/SDG/SDGclassy-master/project-simone/target-txt/Jamacia_2018.pdf245.txt	0.0048607825022371634	1.238440219514347E-4	1.299294222216733E-4	3.7447467588738997E-4	2.6571563034279025E-4	1.2358629002277242E-4	1.296380519459911E-4	1.2348956299974788E-4	1.2365995427729553E-4	1.2381856464709727E-4	0.11705119006686619	1.2357017722255747E-4	0.15735512385323305	1.2395672282966626E-4	0.38447020169969404	0.33411115636886823	2.6235719234899845E-4	1.2350524240294038E-4
19	file:/Users/simonemordue/SDG/SDGclassy-master/project-simone/target-txt/kiribati_2018.pdf134.txt	0.00908452165779546	0.34025232739618566	2.4283058326810347E-4	6.998715334062372E-4	0.3111329575993658	2.3097563567218589E-4	2.4228602905720136E-4	2.3079485845469962E-4	2.3111330990782856E-4	2.3140974352503965E-4	4.769084189008699E-4	2.3094552177952495E-4	2.424386964658105E-4	2.3166795318596816E-4	7.30756819375522E-4	0.33478703964687434	4.903304344261313E-4	2.308241623533657E-4
20	file:/Users/simonemordue/SDG/SDGclassy-master/project-simone/target-txt/kiribati_2018.pdf33.txt	0.0014624832264525814	4.913347770073687E-4	5.154777977011796E-4	0.0014856787471274945	0.001054191618817454	4.903122596690137E-4	0.00942533604739603	4.899285079986507E-4	4.906045128557176E-4	0.2054445609012145	0.018834403815026792	4.902483342653015E-4	0.036158702796084886	4.917819028355024E-4	0.0015512416551374812	0.7017708264807246	0.018862895905728698	4.899907139569988E-4
21	file:/Users/simonemordue/SDG/SDGclassy-master/project-simone/target-txt/Cabo%20Verde_2018.pdf49.txt	5.501465289721557E-5	0.09018948564120621	0.10963246882368675	0.08922126559649889	3.965582985664174E-5	1.8444217539759127E-5	1.9347392263995198E-5	0.046612368113990804	1.845521131208677E-5	0.0010241034508996086	0.12909323575032816	0.002364899138918834	0.05130621256760095	1.8499501530183588E-5	5.835350428195681E-5	0.4531187405295473	0.02685580976633909	3.536403113019824E-4
22	file:/Users/simonemordue/SDG/SDGclassy-master/project-simone/target-txt/Bahamas_2018.pdf369.txt	0.002908697457674517	1.3776879242030296E-4	1.4453842274572736E-4	4.165798483936624E-4	2.955921565102379E-4	1.3748208163668612E-4	1.4421429138762557E-4	1.373744788235142E-4	1.3756402855047558E-4	1.377404727483351E-4	2.8386700610105866E-4	1.3746415714591825E-4	0.6597803979142358	1.3789416515654017E-4	0.005432206617343737	0.3292013700853731	2.918561025648597E-4	1.3739192118697802E-4
23	file:/Users/simonemordue/SDG/SDGclassy-master/project-simone/target-txt/Fiji_2019.pdf603.txt	5.000320333248689E-4	0.1007101038625063	1.7624503765664457E-4	5.079627248755948E-4	3.604346150006377E-4	1.676407850236341E-4	1.7584980334919097E-4	1.6750957796118535E-4	1.677407081903071E-4	0.009308147991864621	0.015579790937969842	0.37796222712822886	1.759606084743821E-4	1.6814326508460812E-4	5.30379087408822E-4	0.48977169127219594	3.5587900303406185E-4	0.0032142615578497928
24	file:/Users/simonemordue/SDG/SDGclassy-master/project-simone/target-txt/Jamacia_2018.pdf318.txt	7.452563314178023E-4	2.5037576280357297E-4	2.626786314492921E-4	0.3231609611187236	5.371979413103807E-4	2.4985470553152343E-4	2.620895674486024E-4	2.4965915227193226E-4	2.5000363273549307E-4	2.503242957089811E-4	5.15889098965819E-4	2.498221302438256E-4	2.6225471331046475E-4	0.004791503395634053	0.014413185457655782	0.6527688450344442	5.304081789845587E-4	2.4969085135980715E-4
25	file:/Users/simonemordue/SDG/SDGclassy-master/project-simone/target-txt/Samoa_2010.pdf72.txt	0.004389253835634716	2.0789449895041085E-4	2.1810993947114963E-4	0.008169513538469316	0.00421649671937284	0.003977907019794368	2.1762082197869815E-4	2.0729947575108104E-4	2.0758550820313738E-4	0.007748742104902718	0.3812433203801688	0.10577989956997104	0.09447888720532777	2.0808368767540568E-4	6.563642993277802E-4	0.37611394628168093	0.0117517493168659	2.0732579645368077E-4
26	file:/Users/simonemordue/SDG/SDGclassy-master/project-simone/target-txt/Tonga_2019.pdf134.txt	0.005661967054666032	0.03677231234699352	1.5134520166502468E-4	0.037064253511779575	3.0951254128697717E-4	0.02892314308136917	1.510058059194092E-4	0.2617728123082083	0.010609201097773689	1.442271143514941E-4	2.972352158566882E-4	1.439377861591937E-4	1.5110095653607643E-4	1.4438804462921752E-4	4.554473193122194E-4	0.6167986479205633	3.0560054455245223E-4	1.4386214837675774E-4
27	file:/Users/simonemordue/SDG/SDGclassy-master/project-simone/target-txt/Bahrain_2018.pdf299.txt	9.366523272375218E-4	3.146770192045018E-4	3.301394984387105E-4	9.515079768810001E-4	0.5885053469819052	3.1402214451788123E-4	3.293991516024909E-4	3.137763694630803E-4	0.00602129850736302	3.146123343814505E-4	6.483792284240363E-4	3.139812032769333E-4	3.29606710061676E-4	3.1496338245292363E-4	9.93497962993162E-4	0.39808769590806725	6.66627084249734E-4	3.1381620947943127E-4
28	file:/Users/simonemordue/SDG/SDGclassy-master/project-simone/target-txt/kiribati_2018.pdf137.txt	1.3075059508119638E-4	0.12830822625281324	4.6085334574440056E-5	0.004912860349246434	0.08374487807316698	4.383545641260607E-5	4.598198695378374E-5	4.380114780765538E-5	0.13388486963360552	4.391784309294472E-5	0.21439545695012233	4.3829741280681826E-5	4.6010960769642E-5	0.004824002848873104	1.386858774551162E-4	0.42920994341852003	9.30568210084557E-5	4.3806709215762155E-5
29	file:/Users/simonemordue/SDG/SDGclassy-master/project-simone/target-txt/Singapore_2018.pdf352.txt	0.04245218973924882	0.09811819761947271	4.081740111066184E-5	0.01070173768379875	0.020546060805154153	3.882470256068474E-5	4.072586697458331E-5	0.11787506593943163	0.45092134824875973	3.88976717646324E-5	8.016355256963749E-5	3.8819640715429485E-5	4.075152884455808E-5	3.894107423543704E-5	1.2283293895427584E-4	0.2559609810177431	7.880260765303677E-4	0.002155618492130805
30	file:/Users/simonemordue/SDG/SDGclassy-master/project-simone/target-txt/Cabo%20Verde_2018.pdf62.txt	0.25084020505946486	1.2906191645825667E-4	1.354037116367157E-4	3.902523397864435E-4	0.0775203642968192	1.2879332556366604E-4	0.011838653599193361	1.2869252316102974E-4	0.20142999087960203	1.290353865665923E-4	0.016650901789213822	1.2877653388617945E-4	1.351851933312462E-4	1.2917936573923042E-4	0.01913315980508174	0.4137280922573146	0.0072955431539989965	1.2870886318126694E-4
31	file:/Users/simonemordue/SDG/SDGclassy-master/project-simone/target-txt/Nauru_2013.pdf245.txt	4.100758942213018E-4	0.002636390355873517	1.4453842274572739E-4	4.1657984839366244E-4	2.9559215651023794E-4	1.3748208163668615E-4	1.442142913876256E-4	0.05760567043824744	0.20752315379516725	1.3774047274833513E-4	2.838670061010587E-4	1.3746415714591828E-4	0.38243340437092915	1.378941651565402E-4	4.349634904373109E-4	0.34669172102954565	2.9185610256485977E-4	1.3739192118697804E-4
32	file:/Users/simonemordue/SDG/SDGclassy-master/project-simone/target-txt/Fiji_2019.pdf614.txt	3.543038120921526E-4	0.0022778299490700767	0.04545964495821348	0.017630309631616756	2.553903542050174E-4	0.004436380536064184	1.2460052862612288E-4	1.1869095993503401E-4	0.04329482080769063	0.4167670798260055	0.01319804969787082	1.1876844162058912E-4	1.2467904095261027E-4	1.1913996669567997E-4	3.7580658837673873E-4	0.3902096873348581	0.008887355635156682	0.056247461930949
33	file:/Users/simonemordue/SDG/SDGclassy-master/project-simone/target-txt/Bahrain_2018.pdf273.txt	4.8668680072202477E-4	0.0060943414570423455	1.7154127696558335E-4	0.009390657614168688	3.5081506374245867E-4	1.631666611260352E-4	0.0031365738516973534	0.2937393477678382	1.6326391746775937E-4	1.6347332519782185E-4	3.36899405638575E-4	0.006093979909413802	0.0031366816995716707	0.009059907512802062	0.009412475711886505	0.6575907473325444	3.463810353891126E-4	1.6305965678503774E-4
34	file:/Users/simonemordue/SDG/SDGclassy-master/project-simone/target-txt/Fiji_2019.pdf101.txt	0.005078603260513928	2.4054514041560058E-4	2.5236495569149424E-4	0.5940420772857282	5.161056836194413E-4	2.4004454166248545E-4	2.517990203901974E-4	2.3985666650332322E-4	0.008965404185646227	2.4049569409796684E-4	4.956335004637268E-4	2.4001324539376677E-4	2.519576820517173E-4	2.4076404196734288E-4	7.594488711471322E-4	0.38719541659277856	5.095825109538238E-4	2.3988712097486843E-4
35	file:/Users/simonemordue/SDG/SDGclassy-master/project-simone/target-txt/Vanuatu_2019.pdf211.txt	0.00938293858290449	1.635069355873662E-4	0.2522320084388021	4.944058319862244E-4	0.009247066845924927	1.631666611260352E-4	1.7115659096986592E-4	1.6303895581677586E-4	1.6326391746775937E-4	1.6347332519782185E-4	3.36899405638575E-4	1.631453879588256E-4	1.7126443884417968E-4	1.6365573061959536E-4	5.162239297040429E-4	0.7257953443292766	3.463810353891126E-4	1.6305965678503774E-4
36	file:/Users/simonemordue/SDG/SDGclassy-master/project-simone/target-txt/Cabo%20Verde_2018.pdf11.txt	0.016430646749319558	0.1684552020899375	0.038118126898263195	5.5719107969793065E-5	3.9536553069302245E-5	1.838874103047698E-5	1.9289199186180693E-5	1.837434875301061E-5	1.8399701735741124E-5	0.013720621268096953	0.08926935502657984	0.007704985202702341	1.9301353547971004E-5	0.0023578435115192784	3.923779390351905E-4	0.5627102337159899	0.09294662305239075	0.0077049755408734955
37	file:/Users/simonemordue/SDG/SDGclassy-master/project-simone/target-txt/Mauritus_2012.pdf79.txt	2.0612482899512897E-4	0.006348915695652063	0.001328585532189331	2.0939404442686196E-4	0.48870660610765354	6.910542893790078E-5	0.006352155528549215	0.0025809178029013832	6.914661959023992E-5	6.923530934407206E-5	1.4268587574758372E-4	6.909641918471505E-5	0.10431499316703115	6.93125629008052E-5	2.1863459020376089E-4	0.3890293287783371	1.4670159860677206E-4	6.906010974811155E-5
38	file:/Users/simonemordue/SDG/SDGclassy-master/project-simone/target-txt/Samoa_2010.pdf169.txt	0.042666829813294706	2.3145732175601294E-4	0.042220715777642144	0.013293237091718445	4.966071609978144E-4	2.3097563567218583E-4	2.422860290572013E-4	0.10097771932495239	0.004428901829345233	2.314097435250396E-4	0.025663639535525282	0.017022099599529137	2.4243869646581044E-4	2.316679531859681E-4	7.307568193755219E-4	0.7041924293573657	0.02567706155105056	0.021219766759540397
39	file:/Users/simonemordue/SDG/SDGclassy-master/project-simone/target-txt/Jamacia_2018.pdf26.txt	3.924264411965304E-4	0.5524718256483373	0.0049204819482782484	3.986504685669064E-4	0.017020445367993884	0.002522647116412955	1.3800738335617473E-4	0.02643336606481336	1.3164334436978177E-4	1.318121945012124E-4	0.005053813901932615	1.3154777137848914E-4	1.380943435068194E-4	1.3195927206817196E-4	4.162428882264893E-4	0.38915626243280826	2.792947678343879E-4	1.3147864441761972E-4
40	file:/Users/simonemordue/SDG/SDGclassy-master/project-simone/target-txt/Fiji_2019.pdf276.txt	0.3664317177621569	0.002970373075703985	0.0029780002950974666	0.014545110352263484	3.3303830790124944E-4	1.5489856150306054E-4	0.042389755855431234	1.5477732737003322E-4	1.5499088960076234E-4	0.00860064413319326	3.198277941370743E-4	1.5487836630523864E-4	1.6258600274415591E-4	1.5536284851184464E-4	0.05116279213834569	0.5088476203465152	3.2882896385475597E-4	1.547969793637883E-4
41	file:/Users/simonemordue/SDG/SDGclassy-master/project-simone/target-txt/Bahrain_2018.pdf163.txt	1.453399268174394E-4	9.343947956572076E-4	5.122759976921583E-5	1.4764507139373762E-4	1.0476436923118073E-4	4.872667709895157E-5	0.12314485649057595	4.868854029254051E-5	4.875572088967643E-5	0.4251207391893092	1.0060871773737718E-4	4.872032426472465E-5	5.114492723269872E-5	4.8872728572501336E-5	1.5416063894333845E-4	0.4496492193305192	1.0344022944471907E-4	4.869472225023439E-5
42	file:/Users/simonemordue/SDG/SDGclassy-master/project-simone/target-txt/Mauritus_2012.pdf78.txt	0.5925691574076052	3.507040014767072E-4	3.6793676081164727E-4	0.0010604449469260736	7.524588861678401E-4	3.499741509981301E-4	3.6711165258290144E-4	3.497002374616419E-4	0.013071156279980433	3.5063191096836233E-4	7.226113634148612E-4	0.006710415284974827	3.673429741530643E-4	3.510231500988446E-4	0.0011072423145530893	0.3736989088829268	0.0071034351561878135	3.4974463871213204E-4
43	file:/Users/simonemordue/SDG/SDGclassy-master/project-simone/target-txt/Guinea_2018.pdf273.txt	0.004113411101532716	7.168023515022009E-5	0.009175321888664014	0.3564214197791227	0.010553931260493749	7.153106133495529E-5	7.503378767486354E-5	7.147507626884934E-5	7.157369779817073E-5	7.166550060322746E-5	1.4769421573092206E-4	7.152173533528138E-5	7.508106738788299E-5	7.174546579539764E-5	2.2630876505898883E-4	0.6158872361876043	0.0027518850230226614	7.148415142072297E-5
44	file:/Users/simonemordue/SDG/SDGclassy-master/project-simone/target-txt/Nauru_2013.pdf223.txt	5.616332647026886E-4	1.8868589388335334E-4	1.9795746930165043E-4	5.705409743895405E-4	4.0483820244201327E-4	1.88293219464551E-4	0.273963224860424	1.8814584840445077E-4	0.007032548235526543	0.05494178937095204	3.88779627441056E-4	0.003610340061825862	0.1439246364409675	0.003610928993792497	5.957189110680812E-4	0.4782454050013475	3.9972136381770797E-4	0.03098681226024823
45	file:/Users/simonemordue/SDG/SDGclassy-master/project-simone/target-txt/Papua%20New%20Guinea_2007.pdf144.txt	0.010504328384208195	1.8304825607987833E-4	1.9204281140409107E-4	5.53494107241971E-4	0.0070323928324183445	0.01014214315245011	0.2823767609018459	1.8252434631067191E-4	1.827761939631856E-4	1.8301062878798297E-4	0.010336639341818171	0.003502468777984515	1.9173288733171254E-4	1.832148341584476E-4	5.779197667644875E-4	0.6498663999818591	0.023626555274044107	1.825475213284526E-4
46	file:/Users/simonemordue/SDG/SDGclassy-master/project-simone/target-txt/Singapore_2018.pdf283.txt	1.9303323861326303E-4	6.485130327211514E-5	6.803794185376758E-5	0.001372260056415498	1.3914280767027284E-4	6.471634115440275E-5	6.788536491210337E-5	0.02476413572551584	6.475491566801365E-5	0.007121829411266274	0.7187705849954898	6.47079036369769E-5	6.792814031596774E-5	6.491031943388107E-5	2.0474846832213935E-4	0.2467044150148628	1.3738415127794901E-4	6.46739003188227E-5
47	file:/Users/simonemordue/SDG/SDGclassy-master/project-simone/target-txt/Maldives_2017.pdf42.txt	1.9303323861326303E-4	0.12356220148209585	6.803794185376758E-5	1.9609481661717634E-4	1.3914280767027284E-4	6.471634115440275E-5	6.788536491210337E-5	6.466568975108163E-5	6.475491566801365E-5	6.483797247634426E-5	1.3362347871530126E-4	6.47079036369769E-5	0.24353413277856853	6.491031943388107E-5	2.0474846832213935E-4	0.36196860851509827	1.3738415127794901E-4	0.2694065138141345
48	file:/Users/simonemordue/SDG/SDGclassy-master/project-simone/target-txt/Jamacia_2018.pdf343.txt	2.516339284018027E-4	8.453874742801821E-5	8.869278012445176E-5	2.5562493485109473E-4	1.813835355737618E-4	8.436281374887897E-5	8.849388414420341E-5	0.3603917973932211	8.441309864523065E-5	8.4521369692802E-5	0.0032406354721598984	8.435181478480895E-5	0.36806216728697166	8.461567961198321E-5	2.669056468630994E-4	0.26640246313559857	1.7909098937866842E-4	8.430748879936053E-5
49	file:/Users/simonemordue/SDG/SDGclassy-master/project-simone/target-txt/Samoa_2010.pdf208.txt	3.4755117608711655E-4	1.1676303461997271E-4	1.2250049203805382E-4	3.5306346528449315E-4	0.0023681769113889244	1.1652003894174072E-4	0.0022398797942008368	0.010704698906745464	0.19705841268727806	1.167390328792278E-4	2.4058549457069432E-4	1.1650484741759867E-4	0.01282822687446864	0.22670584866763296	0.013074568210565886	0.5331261602557283	2.473564847971256E-4	1.1644362535397765E-4
50	file:/Users/simonemordue/SDG/SDGclassy-master/project-simone/target-txt/st%20Vincent_2013.pdf13.txt	0.07822596693292837	0.32506350885925495	1.0992966970424998E-4	3.1683260595643625E-4	2.248146030312066E-4	1.0456292200698167E-4	0.02481414784185589	0.007705854835482493	1.0462524728350697E-4	0.003905446318864547	2.1589696101444514E-4	1.0454928941495322E-4	1.0975226212173818E-4	1.0487633490002128E-4	3.3081440857631554E-4	0.5544312665599019	0.0021223165599509853	0.002004837787750188
51	file:/Users/simonemordue/SDG/SDGclassy-master/project-simone/target-txt/Mauritus_2012.pdf91.txt	2.785388525763294E-4	9.35777057426077E-5	9.817589132186549E-5	2.82956580996622E-4	2.0077722505798426E-4	9.338296107749749E-5	9.795572920592079E-5	9.330987323074218E-5	0.0017905956441777518	0.015367971665245641	0.6722669936576566	9.3370786094374E-5	9.801745231638852E-5	9.366286358433399E-5	0.005386914501897219	0.30337223733130486	1.9823955777791897E-4	9.332172073500638E-5
52	file:/Users/simonemordue/SDG/SDGclassy-master/project-simone/target-txt/Mauritus_2012.pdf46.txt	0.011277981751282334	5.341751589574382E-4	5.604232539841733E-4	0.001615217806767655	0.0011461085229571837	5.330634864536529E-4	5.591664895406782E-4	5.326462747700736E-4	5.333812217326703E-4	5.340653542258347E-4	0.24330019436948816	5.329939872765392E-4	5.595188272271367E-4	5.346612705080433E-4	0.001686497265187553	0.7338955684485087	0.001131622606552709	5.327139045802228E-4
53	file:/Users/simonemordue/SDG/SDGclassy-master/project-simone/target-txt/Fiji_2019.pdf513.txt	2.3239315468662924E-4	0.23230010750815805	8.191103283233267E-5	2.360789954038026E-4	1.6751434239381752E-4	0.01140581619296975	8.172734510549085E-5	7.785117086155618E-5	0.12185292704990838	7.805858242605886E-5	0.004408833625758995	7.790199225472795E-5	8.177884251142182E-5	7.81456810926654E-5	0.0016624851517052434	0.5320620148261946	0.08512467741273072	0.009989777093005262
54	file:/Users/simonemordue/SDG/SDGclassy-master/project-simone/target-txt/Fiji_2019.pdf275.txt	0.11529324646865649	0.006347814077318288	0.012380212676268518	0.049131818515577005	0.012743914893387338	3.310248390372459E-4	0.03042772895986353	3.3076575651910133E-4	3.3122214812381063E-4	3.3164698466614534E-4	6.834856505221362E-4	3.3098168103730424E-4	3.4745322917043383E-4	0.006348115945673337	0.0010472908010629688	0.7625597480849508	7.027215344969762E-4	3.3080775366876115E-4
55	file:/Users/simonemordue/SDG/SDGclassy-master/project-simone/target-txt/Palau_2013.pdf148.txt	0.027920287872007413	0.14451428119659163	2.7768188652596182E-5	8.003178393204847E-5	0.004857047661682008	2.641255042581389E-5	2.7705917731625733E-5	0.012507066803994283	2.642829376463257E-5	2.6462191573116608E-5	0.05909772840049927	2.6409106838761475E-5	0.10803356407981789	2.6491718391691472E-5	0.06296696416923976	0.4827876408633225	5.607031792293481E-5	0.0969916388836119
56	file:/Users/simonemordue/SDG/SDGclassy-master/project-simone/target-txt/Maldives_2017.pdf104.txt	0.05933285813026498	8.572162098998571E-5	8.9933777275917E-5	2.5920166133941284E-4	1.8392146989777198E-4	8.554322563139125E-5	8.973209832568418E-5	8.547627369397396E-5	8.559421411841905E-5	8.570400010397559E-5	1.7662592145193892E-4	8.553207276885215E-5	0.4182977410741397	8.579962961581017E-5	2.706402140623948E-4	0.5204328906435536	1.815968461954258E-4	8.548712657033114E-5
57	file:/Users/simonemordue/SDG/SDGclassy-master/project-simone/target-txt/Jamacia_2018.pdf418.txt	3.1188597985967184E-4	0.3136614482319766	0.0058109599833434215	0.09533400449994266	0.004025501478790657	1.0456292200698167E-4	1.0968314941947006E-4	1.0448108396359825E-4	1.0462524728350697E-4	1.0475944310509867E-4	0.019219331339811678	1.0454928941495322E-4	1.0975226212173818E-4	1.0487633490002128E-4	0.004131501284335763	0.5525309231220222	2.219731220712601E-4	0.0039051812256299095
58	file:/Users/simonemordue/SDG/SDGclassy-master/project-simone/target-txt/Belize_2017.pdf37.txt	2.3539297737923444E-4	0.6899610949138455	8.296837281894502E-5	2.391263963851901E-4	0.01451233806552741	7.891787103020948E-5	8.278231397832374E-5	7.885610454521525E-5	7.896491043997672E-5	7.906619346017062E-5	0.05609932556721844	7.89075819610169E-5	8.283447613312448E-5	7.91544164307909E-5	0.005986743581667997	0.23199712803731432	1.6753210300132006E-4	7.886611686226714E-5
59	file:/Users/simonemordue/SDG/SDGclassy-master/project-simone/target-txt/Maldives_2017.pdf128.txt	3.4105112160088066E-4	0.30974383840942743	1.2020943412306504E-4	0.0024245090365304428	2.458375094338889E-4	1.1434083008281343E-4	0.249485786138994	1.1425133918457524E-4	1.1440898353258569E-4	1.1455572829965919E-4	2.3608595916151036E-4	1.1432592267721694E-4	1.200154367685723E-4	1.1468355090259325E-4	3.617495891846375E-4	0.42964320869217476	0.006476876472305043	1.1426584561547386E-4
60	file:/Users/simonemordue/SDG/SDGclassy-master/project-simone/target-txt/Fiji_2019.pdf12.txt	2.966643478966582E-4	0.01636803970779855	1.0456453923315083E-4	0.1647926922472988	0.0074442303105887	9.945971628903405E-5	1.0433005039989055E-4	0.04709690264206796	9.951899977310146E-5	9.96466461518225E-5	2.0536008441622935E-4	0.019983013228528676	1.0439579004858836E-4	9.975783302893315E-5	3.146689724214863E-4	0.6792103273516804	0.06347703304155365	9.93944908237101E-5
61	file:/Users/simonemordue/SDG/SDGclassy-master/project-simone/target-txt/Mauritus_2012.pdf80.txt	0.09665777805261747	1.263991420324678E-4	1.3261009481777014E-4	0.01872154255827931	2.7119781133332267E-4	1.2613609264062827E-4	1.3231271306062377E-4	1.2603736996892395E-4	1.2621127671833722E-4	1.2637315949914882E-4	0.0025528580292250433	1.2611964740499382E-4	1.323960849294336E-4	1.265141681281187E-4	0.5322399797587286	0.3157878624157738	0.032361618251975297	1.260533728657928E-4
62	file:/Users/simonemordue/SDG/SDGclassy-master/project-simone/target-txt/Bahrain_2018.pdf171.txt	2.448758397547322E-4	0.11496980202631524	8.63107735554525E-5	2.4875966043799236E-4	1.7651214950785253E-4	0.010526418343726664	8.611721928995066E-5	0.0060502164115099205	8.214603073733127E-5	0.3462368984504209	0.06880362155827215	8.208639276688949E-5	8.617148280962937E-5	8.234317102229573E-5	0.028608609365539085	0.42337278669326966	1.742811738271661E-4	8.204325723672239E-5
63	file:/Users/simonemordue/SDG/SDGclassy-master/project-simone/target-txt/Cabo%20Verde_2018.pdf119.txt	2.663345410899776E-4	8.94775543328578E-5	9.387426823747396E-5	0.010007330412095922	1.9198007603798707E-4	8.929134249730199E-5	0.0017164590372028014	0.5745587521962588	8.934456506899033E-5	8.945916137939804E-5	0.006675546007984896	8.927970096681896E-5	0.0049621086250342	8.955898094349615E-5	2.8249844296870236E-4	0.400429918704621	1.895535978493113E-4	8.923278542936443E-5
64	file:/Users/simonemordue/SDG/SDGclassy-master/project-simone/target-txt/Cabo%20Verde_2018.pdf16.txt	4.817940941739712E-4	2.2819901868601026E-5	2.394121749457819E-5	0.05966620746438845	0.11179372202019536	0.001264380860177213	2.388752866088461E-5	2.2754588110484285E-5	2.2785984960906567E-5	0.017405333494659635	4.7019481764762074E-5	0.10390400966122523	2.390258048666641E-5	4.367101514423318E-4	0.18217461946606678	0.47460615121691163	0.04805720281016432	2.275747724826076E-5
65	file:/Users/simonemordue/SDG/SDGclassy-master/project-simone/target-txt/Papua%20New%20Guinea_2007.pdf156.txt	6.188086653230731E-4	2.078944989504108E-4	0.5356213241237238	6.28623197846043E-4	0.004216496719372837	2.0746184948272978E-4	2.1762082197869813E-4	0.003977744646062722	2.0758550820313733E-4	2.0785176427943949E-4	4.2835817869327464E-4	2.0743480124515968E-4	2.1775794753678396E-4	2.0808368767540565E-4	0.008197254639951057	0.4439819593472903	4.404138059309832E-4	2.0732579645368074E-4
66	file:/Users/simonemordue/SDG/SDGclassy-master/project-simone/target-txt/Fiji_2019.pdf106.txt	2.384712586400017E-4	8.011662668484684E-5	0.005896142665474834	0.0016952758249600185	0.0030779402291065392	7.994989588599166E-5	0.08726520435354669	7.988732166826291E-5	7.999755043957166E-5	0.014610323404394119	0.0016180993827814153	7.993947226457395E-5	8.391771922076879E-5	8.01895346383036E-5	0.07435708268860167	0.8104278416528005	1.697229539731188E-4	7.989746491839658E-5
67	file:/Users/simonemordue/SDG/SDGclassy-master/project-simone/target-txt/Bahrain_2018.pdf213.txt	1.890312626076064E-4	0.18434845330090752	6.66273754003986E-5	1.9202936780342135E-4	1.3625809112271622E-4	0.2050803776179153	6.64779616925067E-5	0.03807209525233806	0.0012151933287146927	0.0012152746635845817	1.308531892073768E-4	6.336637572400259E-5	6.651985027428214E-5	6.356459502517268E-5	2.0050361151246945E-4	0.4765530319342521	1.3453589529404886E-4	0.0922058063266234
68	file:/Users/simonemordue/SDG/SDGclassy-master/project-simone/target-txt/st%20Vincent_2013.pdf1.txt	8.747417201544056E-5	0.11568742483939988	3.083180219141847E-5	8.88615444849537E-5	0.0011290260914023078	2.9326598874983604E-5	3.0762661033467616E-5	2.9303645887204062E-5	0.09596688635884094	0.003227299792829182	0.13330713878189818	2.9322775363260987E-5	0.05865928010477734	2.9414501297945798E-5	6.257693447531968E-4	0.5520423099068256	0.03897025971156938	2.9307366555313283E-5
69	file:/Users/simonemordue/SDG/SDGclassy-master/project-simone/target-txt/Jamacia_2018.pdf379.txt	0.0033623666797483304	0.03193090080403595	1.670820646201404E-4	4.815537614603982E-4	3.416956326009872E-4	0.003047256440241722	1.667073785298193E-4	0.0925854021523896	1.5901987493050068E-4	1.5922383911046463E-4	0.2053996635485791	1.589044265939756E-4	1.6681242290062022E-4	1.5940150290664787E-4	0.003391135991604723	0.6578266756890127	3.3737686673328325E-4	1.5882092400047642E-4
70	file:/Users/simonemordue/SDG/SDGclassy-master/project-simone/target-txt/Mauritus_2012.pdf97.txt	4.100758942213018E-4	1.3776879242030299E-4	1.4453842274572739E-4	0.08786833456925615	2.9559215651023794E-4	1.3748208163668615E-4	1.442142913876256E-4	1.373744788235142E-4	1.3756402855047558E-4	1.3774047274833513E-4	0.21266669989962425	0.117572677639447	1.4430516258740638E-4	1.378941651565402E-4	4.349634904373109E-4	0.46162831294839346	0.10273534020414664	0.015129121301906264
71	file:/Users/simonemordue/SDG/SDGclassy-master/project-simone/target-txt/Guinea_2018.pdf277.txt	0.00808781611018839	1.409381523801558E-4	0.01037227212162445	0.002982265385242438	0.005414596532293558	1.406448458380824E-4	1.4753192953145193E-4	0.010364943371750004	0.17651177709898908	1.4090918121641803E-4	0.21755908018121675	1.4062650899584987E-4	0.0027037270422456414	1.4106640930608E-4	0.015781582696637753	0.5412627931395304	0.007966876681758226	1.405526112544994E-4
72	file:/Users/simonemordue/SDG/SDGclassy-master/project-simone/target-txt/Mauritus_2012.pdf83.txt	5.616332647026886E-4	1.8868589388335334E-4	0.0036200288607535305	0.003992612365841422	4.0483820244201327E-4	1.88293219464551E-4	1.9751354427360434E-4	0.39714842725682264	1.884054526227845E-4	1.8864710772194577E-4	3.88779627441056E-4	1.8826867037398032E-4	1.9763799998855742E-4	1.8885760234061663E-4	0.07245921813155759	0.51931026169877	3.9972136381770797E-4	1.8816973718131954E-4
73	file:/Users/simonemordue/SDG/SDGclassy-master/project-simone/target-txt/Nauru_2013.pdf151.txt	0.00215323279743172	7.233984891144798E-4	0.05323814634115943	0.0021873838597942447	0.0015520998308618745	7.21893023732679E-4	0.0401166439439356	0.013841128464545627	0.04008172464179106	0.11880145377758472	0.0014905332311869375	7.217989055415283E-4	7.577197618795791E-4	0.026963657684832325	0.14660171784597795	0.5084341639613433	0.0015324825014808377	0.04008082093780606
74	file:/Users/simonemordue/SDG/SDGclassy-master/project-simone/target-txt/Bahrain_2018.pdf359.txt	3.22932259462353E-4	0.23622639661530248	1.1382312419274573E-4	0.0022957032880540646	0.0120386722426577	1.0826629871241149E-4	1.135678727300057E-4	1.0818156215493084E-4	0.1024260894626331	1.0846978013301108E-4	0.004158841940612281	1.0825218328552356E-4	1.1363943324423926E-4	1.0859081196478485E-4	0.2659751736896188	0.375335369240993	2.2983489633819713E-4	1.0819529790951458E-4
75	file:/Users/simonemordue/SDG/SDGclassy-master/project-simone/target-txt/Fiji_2019.pdf267.txt	0.0308133986188406	1.2906191645825667E-4	1.354037116367157E-4	3.902523397864435E-4	2.769109719191974E-4	1.2879332556366604E-4	0.39103378810324807	1.2869252316102974E-4	1.2887009349895606E-4	1.290353865665923E-4	2.6592684150776634E-4	1.2877653388617945E-4	0.0024758959001463994	1.2917936573923042E-4	4.0747415056052266E-4	0.49799367770266006	0.0751761536516384	1.2870886318126694E-4
76	file:/Users/simonemordue/SDG/SDGclassy-master/project-simone/target-txt/Mauritus_2012.pdf69.txt	0.0049610689979864	1.2639914203246784E-4	1.3261009481777016E-4	3.8220074735310406E-4	2.711978113333227E-4	1.2613609264062832E-4	0.2500058448869303	1.26037369968924E-4	0.0024186290030841144	1.2637315949914885E-4	2.6044030285926655E-4	1.2611964740499385E-4	1.3239608492943361E-4	1.2651416812811873E-4	0.011861155873697382	0.714668546803419	0.014022276441049086	1.2605337286579281E-4
77	file:/Users/simonemordue/SDG/SDGclassy-master/project-simone/target-txt/Jamacia_2018.pdf556.txt	3.924264411965304E-4	0.6026845516804308	1.3831756426934842E-4	3.986504685669064E-4	2.8287002396273713E-4	1.3156492440850485E-4	0.012093418343378425	1.3146195276439985E-4	1.3164334436978177E-4	1.318121945012124E-4	0.03613788239799047	1.3154777137848914E-4	1.380943435068194E-4	1.3195927206817196E-4	0.0028073250802309407	0.3437257007847237	2.792947678343879E-4	1.3147864441761972E-4
78	file:/Users/simonemordue/SDG/SDGclassy-master/project-simone/target-txt/Maldives_2017.pdf102.txt	6.889446189206559E-4	2.3145732175601294E-4	2.4283058326810342E-4	0.00909544857228104	0.013089972719310027	2.3097563567218583E-4	0.3906366183367358	2.3079485845469956E-4	2.311133099078285E-4	2.314097435250396E-4	4.769084189008698E-4	2.309455217795249E-4	2.4243869646581044E-4	2.316679531859681E-4	0.013324122377687727	0.5698631967353688	4.903304344261312E-4	2.3082416235336564E-4
79	file:/Users/simonemordue/SDG/SDGclassy-master/project-simone/target-txt/st%20Vincent_2013.pdf28.txt	0.0033623666797483274	0.040595894684464326	1.6708206462014036E-4	4.8155376146039806E-4	0.11298661607816993	1.5892514676559406E-4	1.6670737852981924E-4	0.06081375792415219	0.3092104682768761	1.5922383911046457E-4	0.008993135592202422	1.5890442659397555E-4	1.6681242290062016E-4	1.5940150290664782E-4	0.055381099274175005	0.4065418531565894	3.3737686673328314E-4	1.5882092400047637E-4
80	file:/Users/simonemordue/SDG/SDGclassy-master/project-simone/target-txt/Maldives_2017.pdf79.txt	3.4755117608711655E-4	1.1676303461997271E-4	1.2250049203805382E-4	3.5306346528449315E-4	0.48731094585627394	1.1652003894174072E-4	1.2222578134107686E-4	0.09329320540827614	1.1658949132035057E-4	1.167390328792278E-4	2.4058549457069432E-4	1.1650484741759867E-4	0.0043576108230295955	1.168692916385942E-4	3.686441334073225E-4	0.412419881522722	2.473564847971256E-4	1.1644362535397765E-4
81	file:/Users/simonemordue/SDG/SDGclassy-master/project-simone/target-txt/Fiji_2019.pdf475.txt	0.0077320650445284085	1.3473884007899844E-4	1.4135958576303243E-4	0.4158312023547967	0.0027327605109008376	1.344584349324917E-4	1.410425830336289E-4	0.007465361157870954	0.002578207899332648	0.005022049782735851	0.0051649625517513785	1.3444090465547726E-4	1.4113145570094311E-4	1.3486145548965398E-4	0.002869066647752985	0.5370041366302253	0.002729106624079092	0.009909047536370905
82	file:/Users/simonemordue/SDG/SDGclassy-master/project-simone/target-txt/Jamacia_2018.pdf177.txt	9.366523272375218E-4	3.146770192045018E-4	3.301394984387105E-4	9.515079768810001E-4	6.751605866377941E-4	3.1402214451788123E-4	3.293991516024909E-4	3.137763694630803E-4	3.142093190594538E-4	0.3769824987624168	6.483792284240363E-4	0.44546693789095504	3.29606710061676E-4	3.1496338245292363E-4	0.012407676339600285	0.15838994999931744	6.66627084249734E-4	3.1381620947943127E-4
83	file:/Users/simonemordue/SDG/SDGclassy-master/project-simone/target-txt/Papua%20New%20Guinea_2007.pdf400.txt	0.007503582881857975	8.011662668484683E-5	8.405336690045255E-5	0.12374915109502198	0.003077940229106539	0.09307337867307604	8.38648749309892E-5	7.98873216682629E-5	7.999755043957165E-5	0.007345211781176144	1.6507705813782034E-4	7.993947226457393E-5	8.391771922076877E-5	8.018953463830359E-5	2.5294413177834064E-4	0.4907629302312097	0.026324124797557826	0.24709369265432948
84	file:/Users/simonemordue/SDG/SDGclassy-master/project-simone/target-txt/Bahrain_2018.pdf340.txt	3.1731301318084027E-4	1.0660424390022872E-4	1.1184252253828386E-4	0.0022557564515678875	0.07176492382309542	0.044574829353346807	0.07744802121463647	0.11224412190552116	0.017507142437423878	0.009773636018145489	2.196537185381132E-4	1.0636851988377624E-4	1.116620279402475E-4	1.0670125618811678E-4	3.365708097434154E-4	0.6066137930620104	0.04276087183513442	0.01364018778720428
85	file:/Users/simonemordue/SDG/SDGclassy-master/project-simone/target-txt/Fiji_2019.pdf531.txt	0.001043888492350285	3.507040014767073E-4	3.679367608116473E-4	0.0010604449469260738	7.524588861678402E-4	3.4997415099813014E-4	3.671116525829015E-4	3.4970023746164203E-4	3.5018275492119385E-4	3.506319109683624E-4	7.226113634148614E-4	3.499285224452025E-4	3.6734297415306436E-4	3.5102315009884465E-4	0.0011072423145530896	0.5899554588089341	0.40145361443302446	3.497446387121321E-4
86	file:/Users/simonemordue/SDG/SDGclassy-master/project-simone/target-txt/Bahrain_2018.pdf97.txt	0.004265552831692403	0.0051782737920773245	5.925634059938596E-5	1.707850197499483E-4	0.05338782880946019	5.636345617322629E-5	5.912345663822354E-5	0.33399720946129424	0.044103815073735946	5.646938864037838E-5	0.04211507771063942	5.635610767924224E-5	0.0697155426990659	5.653239783554692E-5	1.7832175173928242E-4	0.446367513118089	1.1965209174875876E-4	5.632649314142473E-5
87	file:/Users/simonemordue/SDG/SDGclassy-master/project-simone/target-txt/Cabo%20Verde_2018.pdf31.txt	1.5263922477182635E-4	0.17582915110005126	5.3800365026441236E-5	0.08013864144263731	0.005690275729841096	0.00191125712652939	0.002843804645439824	5.1133788273199224E-5	5.1204342830994035E-5	5.1270019223964924E-5	0.019636536018186376	0.0019112504546415412	5.371354048923239E-5	5.132722690276858E-5	0.008532277720497257	0.535474445991554	0.03452017602384778	0.13304709523925531
88	file:/Users/simonemordue/SDG/SDGclassy-master/project-simone/target-txt/st%20Vincent_2013.pdf30.txt	9.366523272375221E-4	0.16011317429170435	3.301394984387106E-4	9.515079768810004E-4	6.751605866377943E-4	0.02314237889773216	3.29399151602491E-4	3.137763694630804E-4	0.02884965526057728	0.017435879899292156	0.15473978731262034	3.139812032769334E-4	3.296067100616761E-4	3.1496338245292374E-4	9.934979629931623E-4	0.6092499958752994	6.666270842497342E-4	3.138162094794314E-4
89	file:/Users/simonemordue/SDG/SDGclassy-master/project-simone/target-txt/Fiji_2019.pdf109.txt	0.003546762744612735	1.6799039000682956E-4	1.7624503765664457E-4	0.0035546934361634585	3.604346150006377E-4	1.676407850236341E-4	1.7584980334919097E-4	0.3901490406228078	0.012354663553341754	1.679558580010308E-4	3.461373815305381E-4	1.6761892853391777E-4	1.759606084743821E-4	0.012355066110236061	5.30379087408822E-4	0.5628932283431046	3.5587900303406185E-4	0.012354453691713382
90	file:/Users/simonemordue/SDG/SDGclassy-master/project-simone/target-txt/Jamacia_2018.pdf202.txt	0.04260099193478412	4.548557430471349E-4	4.772062708969496E-4	0.0013753748809925543	9.759234121627904E-4	0.008703327227973318	4.7613612280938804E-4	4.535538821473618E-4	4.541796971841835E-4	4.547622431680295E-4	9.372118004253801E-4	4.538499629887172E-4	4.764361420399535E-4	0.40467675587178314	0.009685488172158063	0.5259267466631883	9.635885026122678E-4	4.536114696390895E-4
91	file:/Users/simonemordue/SDG/SDGclassy-master/project-simone/target-txt/Cabo%20Verde_2018.pdf33.txt	0.07108473554053957	0.332754050373116	9.5265637889008E-5	0.018389894136361135	0.0067822165557449784	9.061478572011566E-5	9.50520020958202E-5	0.006677934886526411	0.011618603085796375	0.005031328358519834	1.8709745753510846E-4	9.060297164317751E-5	9.511189553210106E-5	9.088639100427949E-5	2.8668553030937753E-4	0.508469503562798	0.0018392108466265967	0.03632120598224171
92	file:/Users/simonemordue/SDG/SDGclassy-master/project-simone/target-txt/Nauru_2013.pdf189.txt	0.05534118483650641	1.6799039000682956E-4	1.7624503765664457E-4	5.079627248755948E-4	3.604346150006377E-4	1.676407850236341E-4	1.7584980334919097E-4	1.6750957796118535E-4	0.00626120213076603	1.679558580010308E-4	3.461373815305381E-4	1.6761892853391777E-4	1.759606084743821E-4	0.17992525523106856	5.30379087408822E-4	0.48977169127219594	0.2654214508850782	1.6753084656192903E-4
93	file:/Users/simonemordue/SDG/SDGclassy-master/project-simone/target-txt/Mauritus_2012.pdf99.txt	4.1950965709904253E-4	1.409381523801558E-4	1.478635175053086E-4	4.261632342126547E-4	0.013082902985382904	0.005252849147897648	1.475319295314519E-4	0.01036494337175	1.407286779340153E-4	0.002697011332246201	2.9039734368517035E-4	1.4062650899584984E-4	1.476248912158557E-4	0.6877325450363178	4.4496979045904693E-4	0.27542816943243287	0.0028546723796986583	1.4055261125449936E-4
94	file:/Users/simonemordue/SDG/SDGclassy-master/project-simone/target-txt/Cabo%20Verde_2018.pdf26.txt	1.0104590628431907E-4	0.15087551969724775	3.561539735707144E-5	0.0037967278552699635	7.283621828547301E-5	0.08746042065705317	3.5535528856396085E-5	3.385014556736391E-5	0.0018809365140170038	3.394032933175784E-5	0.04686161848473889	0.0751468184942183	0.01727459476477072	3.397820034269739E-5	1.071784045616445E-4	0.5724303413345545	0.043785187624040794	3.385444350208472E-5
95	file:/Users/simonemordue/SDG/SDGclassy-master/project-simone/target-txt/Papua%20New%20Guinea_2007.pdf53.txt	0.02853663331842667	1.409381523801558E-4	0.023152782876773352	4.2616323421265477E-4	3.0239223023398814E-4	1.406448458380824E-4	0.11517212872587172	0.0435942713351372	0.025701750188231846	1.4090918121641803E-4	0.17410534361371044	0.13305793836254462	1.4762489121585573E-4	1.4106640930608E-4	0.010669378394578185	0.41090158343701144	2.9857022866887464E-4	0.03336988057464169
96	file:/Users/simonemordue/SDG/SDGclassy-master/project-simone/target-txt/Maldives_2017.pdf131.txt	5.141297679060693E-4	0.1066821197901846	1.8121403083417326E-4	0.0819706435114534	3.7059658702944746E-4	1.7236719280301697E-4	1.8080765342389315E-4	1.7223228653288086E-4	1.724699331697659E-4	1.726911488417238E-4	0.18204839043493434	1.7234472009879762E-4	1.8092158255143028E-4	1.7288383961743846E-4	0.0036779616264776345	0.6163548007839423	0.006631170955425028	1.7225415477338404E-4
97	file:/Users/simonemordue/SDG/SDGclassy-master/project-simone/target-txt/Papua%20New%20Guinea_2007.pdf47.txt	9.366523272375222E-4	0.5710235958495612	3.301394984387107E-4	9.515079768810007E-4	6.751605866377944E-4	3.140221445178814E-4	0.006036488339906058	3.1377636946308045E-4	3.1420931905945396E-4	3.1461233438145067E-4	6.483792284240367E-4	3.1398120327693344E-4	3.2960671006167615E-4	3.149633824529238E-4	0.006700587151296732	0.40950187428467455	6.666270842497343E-4	3.1381620947943143E-4
98	file:/Users/simonemordue/SDG/SDGclassy-master/project-simone/target-txt/Guinea_2018.pdf457.txt	0.010245781505116161	2.6104414033032976E-4	2.7387122763805095E-4	0.014992490289302095	0.17099795124894854	2.605008810862162E-4	0.18491427595340237	2.602969954066793E-4	2.606561539988046E-4	0.0049953755799802615	5.37870857935131E-4	2.604669177829081E-4	0.019210969645493486	0.014464436995628284	0.07183994478864833	0.5054107281859278	5.530085881987934E-4	2.60330045175758E-4
99	file:/Users/simonemordue/SDG/SDGclassy-master/project-simone/target-txt/Fiji_2019.pdf485.txt	0.006976069128967881	1.7773773213366272E-4	1.8647134095962556E-4	0.013431483615349878	3.8134818932248894E-4	1.7736784194617483E-4	0.006633076804516656	1.7722902182843705E-4	1.774735629759989E-4	1.7770119646994738E-4	0.0068132450150628415	1.7734471727270734E-4	1.8617040828242947E-4	1.7789947751459202E-4	5.61153385996266E-4	0.6374597554440318	0.3259512215928663	1.77251524501725E-4
100	file:/Users/simonemordue/SDG/SDGclassy-master/project-simone/target-txt/Fiji_2019.pdf481.txt	3.0157040764556837E-4	1.0131536985348177E-4	1.0629376581778175E-4	0.3292170497055963	2.1737890081273287E-4	1.0110452232718204E-4	0.003781035245857491	1.0102539106223976E-4	1.0116478620649079E-4	1.0129454352562372E-4	2.0875620818819744E-4	1.0109134063066225E-4	1.0612222595888341E-4	0.0019388974925010206	3.1987278201564E-4	0.6628803576924782	2.1463140132014992E-4	1.0103821820164056E-4
101	file:/Users/simonemordue/SDG/SDGclassy-master/project-simone/target-txt/Jamacia_2018.pdf398.txt	2.702820530608876E-4	9.080375751856241E-5	9.5265637889008E-5	2.745688256107778E-4	1.9482553365394133E-4	9.061478572011566E-5	9.50520020958202E-5	9.054386443537528E-5	0.30311065581332486	9.078509195155556E-5	1.8709745753510846E-4	9.060297164317751E-5	0.2570033617570826	0.005031429657572558	2.8668553030937753E-4	0.42612711578665996	1.9236309110383596E-4	0.006677946382832035
102	file:/Users/simonemordue/SDG/SDGclassy-master/project-simone/target-txt/Bahrain_2018.pdf186.txt	7.77011305656297E-4	0.20383960342871754	0.005008256327367984	7.893349901122954E-4	5.6008765867089E-4	0.019198041280005962	0.04761710806123427	2.602969954066793E-4	0.004995041253728741	2.6099048025032606E-4	0.005272255957665066	2.604669177829081E-4	2.734292465737439E-4	2.6128169643847984E-4	8.24168292699315E-4	0.5290826536845774	5.530085881987934E-4	0.1801669638349133
103	file:/Users/simonemordue/SDG/SDGclassy-master/project-simone/target-txt/Vanuatu_2019.pdf141.txt	2.5877562357924937E-4	0.3059741610967788	0.0994257205673676	2.628798999349212E-4	1.8653143406862185E-4	0.004816971928259688	9.100545462136508E-5	8.66892370958162E-5	8.680885117088113E-5	8.692019509031523E-5	1.7913235708932876E-4	0.006393698880175949	9.106279827828331E-5	8.701718164654328E-5	0.005004695562226993	0.5672366252879051	0.003337650348548241	0.006393653296161914
104	file:/Users/simonemordue/SDG/SDGclassy-master/project-simone/target-txt/Bahrain_2018.pdf352.txt	0.08670623596730265	0.06920057736935822	0.31746823124712653	3.599232005746574E-4	2.553903542050174E-4	1.1878392830366014E-4	1.2460052862612288E-4	0.07351783329186397	1.1885473008536429E-4	1.190071771148145E-4	0.004562856482349776	1.1876844162058912E-4	0.0022834773448328744	1.1913996669567997E-4	3.7580658837673873E-4	0.4441796449318646	2.5216241963562996E-4	1.1870603006218417E-4
105	file:/Users/simonemordue/SDG/SDGclassy-master/project-simone/target-txt/Singapore_2018.pdf139.txt	1.5930650034162914E-4	5.352049336732447E-5	5.6150362937682406E-5	1.618331598994864E-4	1.1483179734692874E-4	5.3409111810417936E-5	0.12041858697854155	5.336731021262862E-5	5.344094659084165E-5	0.07382411233534493	1.1027680471266885E-4	5.340214849476131E-5	5.605974590796937E-5	5.356919823422753E-5	0.38261131064143644	0.41520540717722737	1.1338041313363349E-4	0.006848034874459258
106	file:/Users/simonemordue/SDG/SDGclassy-master/project-simone/target-txt/Papua%20New%20Guinea_2007.pdf163.txt	8.908926908428887E-4	2.99303645796021E-4	3.14010714076836E-4	9.050225758602368E-4	6.421759859977126E-4	2.986807646535068E-4	0.43457510430245394	2.9844699680438454E-4	2.9885879488537594E-4	2.992421211145687E-4	6.167030163699635E-4	0.01115518676772381	3.1350395478412597E-4	2.99576018924797E-4	9.449611642009597E-4	0.5469157862118577	6.340593831945838E-4	2.984848904585591E-4
107	file:/Users/simonemordue/SDG/SDGclassy-master/project-simone/target-txt/Papua%20New%20Guinea_2007.pdf375.txt	0.016064125895035752	0.0020761412861482116	1.138231241927457E-4	0.014101598514734113	2.327770159776488E-4	1.0826629871241146E-4	0.16736375025069736	1.0818156215493081E-4	0.37002638126738086	1.0846978013301106E-4	2.2354353171893056E-4	1.0825218328552354E-4	1.1363943324423923E-4	1.0859081196478483E-4	3.4253108931769975E-4	0.4284618977610531	2.2983489633819707E-4	1.0819529790951457E-4
108	file:/Users/simonemordue/SDG/SDGclassy-master/project-simone/target-txt/Samoa_2010.pdf30.txt	5.984991899030257E-4	0.22629635313271654	2.1095150956738494E-4	6.079916066926445E-4	4.31412011059576E-4	2.0065289290409604E-4	2.10478445049378E-4	2.0049584832424584E-4	2.0077249311032413E-4	2.0103001058689406E-4	4.142993421115255E-4	2.0062673239733335E-4	2.106110701078628E-4	2.0125432219140728E-4	6.348222373774443E-4	0.7685532685504726	4.25959300253473E-4	2.005213051739417E-4
109	file:/Users/simonemordue/SDG/SDGclassy-master/project-simone/target-txt/st%20Vincent_2013.pdf125.txt	3.8415943024361555E-4	0.028217590398240063	0.32315348125212756	0.01677522728749251	0.002617621678734348	1.28793325563666E-4	1.3510006511760264E-4	1.286925231610297E-4	1.2887009349895603E-4	1.2903538656659227E-4	0.04473943027099563	1.287765338861794E-4	1.3518519333124618E-4	1.291793657392304E-4	4.0747415056052255E-4	0.5822592631480054	2.734110335535412E-4	1.287088631812669E-4
110	file:/Users/simonemordue/SDG/SDGclassy-master/project-simone/target-txt/Jamacia_2018.pdf199.txt	2.919153600591055E-4	9.807166724747169E-5	1.0289067539147843E-4	0.08389361376402983	0.0019890803522945827	9.78675701941902E-5	1.0265994024357027E-4	9.779097238780096E-5	9.792590467125086E-5	0.0018767125400173173	2.0207269059851587E-4	0.46610704527943636	1.0272462753530532E-4	9.816091469643422E-5	0.0020882927997916407	0.4424476117684065	2.0775978414300708E-4	9.780338885480762E-5
111	file:/Users/simonemordue/SDG/SDGclassy-master/project-simone/target-txt/Maldives_2017.pdf65.txt	0.001925833801023896	6.47001691413935E-4	0.07108424700899772	0.07236183142733174	0.0013881853928671894	6.45655215490848E-4	6.772715998641883E-4	6.45149881874286E-4	6.460400616588116E-4	0.024115353092619803	0.0013331207297199803	6.455710369505501E-4	6.776983570341256E-4	6.47590477676612E-4	0.2367275570629244	0.560347537153918	0.024839124212427614	6.452317962067346E-4
112	file:/Users/simonemordue/SDG/SDGclassy-master/project-simone/target-txt/Cabo%20Verde_2018.pdf35.txt	8.96237424096122E-5	0.2730720255049893	0.0759372419868846	9.104520785442812E-5	6.106866904501888E-4	3.0047264041065822E-5	0.0016697701091390816	0.004944778227436472	0.0016683166673448376	0.04153247490449242	0.08033636346059812	3.0043346571236357E-5	3.15384759318025E-5	3.0137326558163485E-5	0.002825482182840579	0.5099075212086721	6.378632961739107E-5	0.00712911736416862
113	file:/Users/simonemordue/SDG/SDGclassy-master/project-simone/target-txt/Cabo%20Verde_2018.pdf21.txt	1.5657089601320967E-4	0.3225037886615605	5.518615133573744E-5	1.5905416788250371E-4	1.128599106932844E-4	5.249197285417762E-5	5.506239488509227E-5	5.2450889071616195E-5	5.252326096912984E-5	0.001960585819700004	0.2595957290645461	5.248512911227605E-5	5.509709037773636E-5	5.264931028084676E-5	1.6607321812983872E-4	0.4147535010642682	1.1143344958687791E-4	5.245754873270479E-5
114	file:/Users/simonemordue/SDG/SDGclassy-master/project-simone/target-txt/Mauritus_2012.pdf105.txt	2.7853885257632935E-4	9.357770574260768E-5	0.0034924899347176883	0.00707158466778827	0.15803638024296376	9.338296107749747E-5	9.795572920592078E-5	9.330987323074216E-5	9.343862247983966E-5	0.13926043424919318	1.9281306528346409E-4	0.13416877550022938	9.801745231638851E-5	0.21393544759752126	2.95443436803485E-4	0.34240684883035677	1.9823955777791894E-4	9.332172073500637E-5
115	file:/Users/simonemordue/SDG/SDGclassy-master/project-simone/target-txt/Bahrain_2018.pdf351.txt	1.0824337963611367E-4	0.1734939661882319	3.815227275180357E-5	1.0996015936039269E-4	0.0693291577313632	3.628968531306065E-5	3.806671523881295E-5	3.626128254098794E-5	0.015205607205426458	3.635789007122116E-5	0.22497622928580988	3.628495397555383E-5	3.809070154455408E-5	3.639845862431819E-5	7.743472980436558E-4	0.5109765405217425	0.0013961073642621278	0.003333938906063572
116	file:/Users/simonemordue/SDG/SDGclassy-master/project-simone/target-txt/Mauritus_2012.pdf60.txt	0.1126415508094913	0.002322963230813994	1.2735498016450868E-4	3.6705477561797454E-4	2.6045069894924187E-4	1.2113753178708392E-4	1.2706938314540763E-4	0.0023226157951678618	1.2120973644645369E-4	1.2136520408538092E-4	0.25563259605777394	1.2112173824843284E-4	0.0023287225249668283	1.2150062477993785E-4	3.832528793702135E-4	0.6225018171335576	2.571588055753657E-4	1.2105809005756956E-4
117	file:/Users/simonemordue/SDG/SDGclassy-master/project-simone/target-txt/Bahrain_2018.pdf147.txt	1.441907126324519E-4	4.844220457122378E-5	9.293867973764192E-4	1.464776302500366E-4	1.0393598915807825E-4	4.83413914466493E-5	5.070856819431554E-5	4.830355619095358E-5	4.837020558584607E-5	4.843224682013403E-5	9.981319672612453E-5	0.5851721310839727	9.293047785381249E-4	4.848628807975834E-5	1.5294167869669574E-4	0.41182980166304434	1.0262231944862041E-4	4.830968926742377E-5
118	file:/Users/simonemordue/SDG/SDGclassy-master/project-simone/target-txt/Cabo%20Verde_2018.pdf20.txt	0.05115768220044312	0.11937323931129123	5.5664081938575724E-5	0.0030472102349865947	0.010698692198944508	5.29465709666233E-5	5.5539253715508846E-5	5.290513138470839E-5	0.001977497199778921	5.304608155860155E-5	0.3349756399038785	5.293966795561864E-5	5.557424968277045E-5	5.3105270988243476E-5	1.675114679685204E-4	0.4731941991507863	0.002999177105278836	0.0019774309184524626
119	file:/Users/simonemordue/SDG/SDGclassy-master/project-simone/target-txt/Bahamas_2018.pdf328.txt	1.7796266645047986E-4	0.1735540558365352	0.0011470652277486208	0.005602481083132963	1.2827959188944915E-4	5.9663779758835356E-5	0.15512308708579473	0.0033126346009233784	5.969934266680158E-5	5.977591502907229E-5	1.2319117030516456E-4	5.9656000978817395E-5	6.262482598590855E-5	5.984261368452315E-5	0.21488791945377386	0.4453957779149017	1.2665823805838605E-4	5.9624652382014306E-5
120	file:/Users/simonemordue/SDG/SDGclassy-master/project-simone/target-txt/Maldives_2017.pdf137.txt	0.004414585054213643	0.09394776800374662	0.010317490792315046	0.026858769186203883	0.061438253915279774	1.1224163775876434E-4	0.004197533192880329	0.2652988493995317	1.1230853997397308E-4	0.05110989405404625	0.012471137589620696	1.1222700403940376E-4	1.1781206389250065E-4	1.1257806653996393E-4	3.551081999250501E-4	0.46867300125975225	2.3827401034222053E-4	1.1216802993717892E-4
121	file:/Users/simonemordue/SDG/SDGclassy-master/project-simone/target-txt/Guinea_2018.pdf337.txt	0.004764470191364731	0.1872551014333166	1.2735498016450868E-4	3.6705477561797454E-4	2.6045069894924187E-4	1.2113753178708392E-4	0.0023286424569847236	0.00892733501668581	1.2120973644645369E-4	1.2136520408538092E-4	2.5011949241315114E-4	1.2112173824843284E-4	1.2714945112751066E-4	0.5152895999031802	3.832528793702135E-4	0.2790564176146241	2.571588055753657E-4	1.2105809005756956E-4
122	file:/Users/simonemordue/SDG/SDGclassy-master/project-simone/target-txt/Belize_2017.pdf10.txt	0.0011072736891301735	0.28373328421263244	3.9027798227112784E-4	0.0011248354561880461	0.01429154293830394	3.7122467784218605E-4	3.894027732434681E-4	0.007117631402857212	0.007118143218909812	3.719223771789816E-4	7.664885244345317E-4	3.7117627871095695E-4	0.00713634541137998	3.7233737245722797E-4	0.007921171643523944	0.6662579003866738	7.880604247557828E-4	3.709812295069663E-4
123	file:/Users/simonemordue/SDG/SDGclassy-master/project-simone/target-txt/Guyana_2012.pdf137.txt	0.2056692799440191	1.3473884007899844E-4	1.4135958576303243E-4	0.005294756637334561	2.8909119115404116E-4	1.344584349324917E-4	1.410425830336289E-4	1.3435319863055916E-4	1.3453857958584947E-4	1.347111432422524E-4	0.3228419741188352	1.3444090465547726E-4	0.0025848007754477416	1.3486145548965398E-4	0.007756405287246581	0.44903204111934053	2.8543730433229215E-4	0.005021708896877304
124	file:/Users/simonemordue/SDG/SDGclassy-master/project-simone/target-txt/st%20Vincent_2013.pdf52.txt	7.452563314178025E-4	2.50375762803573E-4	2.6267863144929213E-4	7.5707637032891E-4	0.005078097726499037	2.498547055315235E-4	2.6208956744860245E-4	2.496591522719323E-4	2.500036327354932E-4	2.503242957089812E-4	5.158890989658192E-4	2.498221302438257E-4	2.622547133104648E-4	2.5060361044539883E-4	7.904861020898164E-4	0.4257238557750115	5.304081789845588E-4	0.5633212642147534
125	file:/Users/simonemordue/SDG/SDGclassy-master/project-simone/target-txt/Singapore_2018.pdf411.txt	3.5430381209215273E-4	1.1903164518981431E-4	0.1663523499755082	3.599232005746575E-4	0.002414188658085279	1.1878392830366017E-4	1.246005286261229E-4	0.008753884175456084	1.1885473008536431E-4	0.04977136816636086	0.08659719202979975	1.1876844162058916E-4	1.246790409526103E-4	1.1913996669567999E-4	3.7580658837673884E-4	0.6838062566625739	2.5216241963563E-4	1.187060300621842E-4
126	file:/Users/simonemordue/SDG/SDGclassy-master/project-simone/target-txt/Cabo%20Verde_2018.pdf90.txt	8.162277219826602E-4	0.10731518689564401	4.055982763880604E-5	0.00923189807130751	8.294795730910683E-5	3.857970378172739E-5	0.0182704668785707	3.854950868569136E-5	0.05192398164370364	3.86522125219834E-5	7.965768977607853E-5	3.857467387865908E-5	0.07506394770941392	7.398491106239349E-4	0.23080164798717576	0.505358818444763	8.189955992663091E-5	3.855440329601204E-5
127	file:/Users/simonemordue/SDG/SDGclassy-master/project-simone/target-txt/Cabo%20Verde_2018.pdf84.txt	1.9720833112651663E-4	0.0012678583394109002	6.950952624872231E-5	0.06268376363612367	0.33538977298115913	0.0012677204582139067	6.935364923888635E-5	0.015686921213237635	6.615549188765396E-5	6.624034512162158E-5	1.3651360473498057E-4	6.610746303909799E-5	6.939734982677451E-5	0.0036711273823527573	0.09273271383569566	0.4863532080518859	1.4035561642851535E-4	6.607272426729825E-5
128	file:/Users/simonemordue/SDG/SDGclassy-master/project-simone/target-txt/Bahrain_2018.pdf134.txt	0.0011399307536799094	0.002012432744391821	5.664521510874833E-5	0.004080140544416722	1.1584380797787686E-4	0.23506674890716364	5.651818666776786E-5	5.383763538847792E-5	5.3911920722810235E-5	5.39810699452286E-5	1.1124867227282766E-4	0.41720171543636025	5.655379947272995E-5	5.4041302645696576E-5	1.7046401927062538E-4	0.33954776188065	1.1437963274077652E-4	5.3844471123998234E-5
129	file:/Users/simonemordue/SDG/SDGclassy-master/project-simone/target-txt/kiribati_2018.pdf14.txt	5.448525459133212E-4	0.5579136952005929	1.9204281140409107E-4	5.53494107241971E-4	0.060149597303324344	1.8266731415523513E-4	1.9161215015781752E-4	1.8252434631067191E-4	0.006822426752826436	1.8301062878798297E-4	0.050174542694997666	1.8264349855288763E-4	0.02675033512278469	0.006822865393021696	5.779197667644875E-4	0.288005444523812	3.8777831802272976E-4	1.825475213284526E-4
130	file:/Users/simonemordue/SDG/SDGclassy-master/project-simone/target-txt/kiribati_2018.pdf112.txt	5.448525459133212E-4	0.17945361334538767	1.9204281140409107E-4	5.53494107241971E-4	3.927422735550934E-4	1.8266731415523513E-4	1.9161215015781752E-4	1.8252434631067191E-4	1.827761939631856E-4	1.8301062878798297E-4	0.09997192188647204	1.8264349855288763E-4	0.10974596710857532	1.832148341584476E-4	0.013857220884490989	0.5934293702315214	3.8777831802272976E-4	1.825475213284526E-4
131	file:/Users/simonemordue/SDG/SDGclassy-master/project-simone/target-txt/Bahamas_2018.pdf166.txt	0.025759399330404244	1.1676303461997271E-4	0.002240154504897814	0.015176641555302819	2.5052289852916604E-4	1.1652003894174072E-4	1.2222578134107686E-4	1.164288424466646E-4	1.1658949132035057E-4	1.167390328792278E-4	0.002358239507430455	1.1650484741759867E-4	1.2230279731007505E-4	0.6989426935353595	3.686441334073225E-4	0.25147817654538024	2.473564847971256E-4	0.002234097638213739
132	file:/Users/simonemordue/SDG/SDGclassy-master/project-simone/target-txt/Guyana_2012.pdf134.txt	0.042290022633971705	1.442567676878433E-4	0.008000214254373385	0.08154117814379362	0.002925802225523097	1.439565547718468E-4	1.510058059194092E-4	1.4384388459633314E-4	1.440423608292099E-4	1.442271143514941E-4	2.972352158566882E-4	1.439377861591937E-4	0.27224522811709256	1.4438804462921752E-4	4.554473193122194E-4	0.5278447986565352	3.0560054455245223E-4	0.06293481457004363
133	file:/Users/simonemordue/SDG/SDGclassy-master/project-simone/target-txt/kiribati_2018.pdf138.txt	8.115928432327333E-4	0.6332445489176918	2.860600955228888E-4	8.244650035654568E-4	0.010475200559124993	0.0052171875560676345	2.8541859795083025E-4	2.7188173074085375E-4	0.02499772120170966	2.7260607970707465E-4	5.618092500145655E-4	2.7205921565445605E-4	2.855984437219115E-4	2.7291025671507776E-4	8.608485913974343E-4	0.29053999751488097	0.03024817789088361	2.7191625141752794E-4
134	file:/Users/simonemordue/SDG/SDGclassy-master/project-simone/target-txt/kiribati_2018.pdf139.txt	2.9191536005910554E-4	0.1263830049622587	0.023225484095604813	0.005632528341769306	2.1041931997048188E-4	9.786757019419022E-5	1.0265994024357029E-4	9.779097238780099E-5	9.792590467125087E-5	9.80515076932142E-5	0.03399663230475646	0.035671075457003584	0.021446657015424527	9.816091469643423E-5	3.096317674675382E-4	0.4833568155118609	0.1887458292104979	0.08013754984343943
135	file:/Users/simonemordue/SDG/SDGclassy-master/project-simone/target-txt/Fiji_2019.pdf545.txt	2.2112136734664078E-4	7.428777011026378E-5	7.793809419681276E-5	0.08779966170060484	1.593893782725324E-4	0.0984276320698651	0.04184431764333896	7.407514809830457E-5	0.004116101969548154	0.0014215807036710682	0.004194991548035331	7.41235044965976E-5	7.781231551564113E-5	0.0014216635777827425	2.3454127176629719E-4	0.6504173380299229	0.10928933935404732	7.408455337989568E-5
136	file:/Users/simonemordue/SDG/SDGclassy-master/project-simone/target-txt/Papua%20New%20Guinea_2007.pdf139.txt	3.2875411440740364E-4	0.12630714534838822	0.002118997319142539	0.0023370904556358303	0.03028380624812341	1.1021813433140659E-4	0.15435602317086736	1.1013187013482597E-4	1.1028383042681457E-4	1.1042528413532817E-4	0.006236940137761182	0.00211332594475765	0.1523529738411542	1.105484979410227E-4	3.487062739198759E-4	0.5223205052926068	2.3397838274621187E-4	1.1014585351896175E-4
137	file:/Users/simonemordue/SDG/SDGclassy-master/project-simone/target-txt/Maldives_2017.pdf15.txt	3.1731301318084027E-4	0.3171859652021316	1.1184252253828386E-4	0.002255756451567887	0.004095548008838719	1.0638238969240297E-4	1.1159171262881338E-4	0.007839942077810818	1.0644579947215795E-4	1.0658233039453125E-4	2.196537185381132E-4	0.0020397792574339685	1.116620279402475E-4	1.0670125618811678E-4	3.365708097434154E-4	0.562145346098356	0.10269660469919036	1.0631262435293832E-4
138	file:/Users/simonemordue/SDG/SDGclassy-master/project-simone/target-txt/Singapore_2018.pdf66.txt	2.551548123781586E-4	8.572162098998567E-5	0.0529489314827536	2.5920166133941273E-4	1.8392146989777193E-4	8.554322563139122E-5	8.973209832568416E-5	0.20374808508009326	8.559421411841902E-5	8.570400010397556E-5	1.7662592145193886E-4	8.553207276885212E-5	8.97886396251299E-5	0.21774049606393564	0.029809491873005793	0.49089403898461004	0.003290949652399992	8.548712657033111E-5
139	file:/Users/simonemordue/SDG/SDGclassy-master/project-simone/target-txt/Jamacia_2018.pdf516.txt	0.011171927644886767	0.15201975790652034	2.042480314069946E-4	5.886712497749668E-4	4.177028842550382E-4	1.9427667740243786E-4	0.1414364189080403	1.9412462328183297E-4	1.9439247703206868E-4	1.9464181128784228E-4	4.011340104322016E-4	1.942513482070325E-4	2.0391841020843925E-4	0.28266011681170305	6.146492743457174E-4	0.4087031952139315	4.1242344610234547E-4	1.9414927118052244E-4
140	file:/Users/simonemordue/SDG/SDGclassy-master/project-simone/target-txt/Bahrain_2018.pdf30.txt	4.740353862721999E-4	1.5925657579854983E-4	0.02905039499938143	4.815537614603982E-4	3.416956326009872E-4	1.5892514676559412E-4	1.667073785298193E-4	1.5880076115350447E-4	1.5901987493050068E-4	1.5922383911046463E-4	0.3498162282223855	1.589044265939756E-4	1.6681242290062022E-4	1.5940150290664787E-4	0.003391135991604723	0.6145017062868707	3.3737686673328325E-4	1.5882092400047642E-4
141	file:/Users/simonemordue/SDG/SDGclassy-master/project-simone/target-txt/Guinea_2018.pdf587.txt	0.003334388676356358	0.0417535530325951	0.28560860367079044	0.0033872733044202465	0.0024035042131874103	0.0011178874512528067	0.0011726280597028958	0.001117012516620363	0.24491855953134942	0.0011199884681838057	0.0023081652544632387	0.001117741704526681	0.0011733669470742965	0.0011212381642346648	0.003536753458519355	0.38100238825965205	0.02268979294397318	0.0011171543430969792
142	file:/Users/simonemordue/SDG/SDGclassy-master/project-simone/target-txt/kiribati_2018.pdf12.txt	0.0022507237507310325	1.0660424390022872E-4	1.1184252253828386E-4	3.2234571401769586E-4	0.004095548008838719	1.0638238969240297E-4	1.1159171262881338E-4	0.03297428166596331	1.0644579947215795E-4	1.0658233039453125E-4	0.603443803834198	1.0636851988377624E-4	0.007845304978141015	1.0670125618811678E-4	3.365708097434154E-4	0.3262692361172327	2.258356090302011E-4	0.021373830737405047
143	file:/Users/simonemordue/SDG/SDGclassy-master/project-simone/target-txt/kiribati_2018.pdf129.txt	8.493959185022058E-4	0.5333546204338914	2.9938445072490144E-4	0.021564586407262963	6.122641560236803E-4	2.8476855298002095E-4	2.9871307292262165E-4	2.845456737724998E-4	2.849382907653614E-4	2.853037620930284E-4	0.010938837067356162	0.005460161115177638	2.9890129570599145E-4	2.8562210732149406E-4	9.009459436197537E-4	0.4231079043341122	6.045256153846742E-4	2.8458180238318865E-4
144	file:/Users/simonemordue/SDG/SDGclassy-master/project-simone/target-txt/Guinea_2018.pdf586.txt	0.005911806135537668	1.0301903784913576E-4	0.022528739838026893	0.002179893133335246	0.005826198906925361	0.018786686886505775	1.0783877307658427E-4	1.0272418292126441E-4	0.3550966285141406	1.029978613162862E-4	0.1253942775662694	1.0279124146426017E-4	0.0038446831719522734	1.0311278751793061E-4	0.002193639825036817	0.4572939843780035	2.182405343650207E-4	1.0273722575535107E-4
145	file:/Users/simonemordue/SDG/SDGclassy-master/project-simone/target-txt/Cabo%20Verde_2018.pdf167.txt	0.03934958239354263	0.18089311055406032	6.66273754003986E-5	1.9202936780342135E-4	1.3625809112271622E-4	6.337463831434061E-5	6.64779616925067E-5	0.10948251202051369	0.0369204017128025	6.349374796884577E-5	0.14640702947240583	6.336637572400259E-5	6.651985027428214E-5	6.356459502517268E-5	2.0050361151246945E-4	0.48576727925917795	1.3453589529404886E-4	6.333307736456092E-5
146	file:/Users/simonemordue/SDG/SDGclassy-master/project-simone/target-txt/Singapore_2018.pdf204.txt	0.10771774758564277	8.117821045341771E-5	8.516711436695854E-5	0.06355331290205674	1.7417327878117806E-4	8.100927039142816E-5	8.497612478840244E-5	0.02658190609210362	8.105755639072263E-5	0.207672016619877	0.01783457122512594	8.099870865202214E-5	8.502966929039279E-5	0.10461281741668632	2.562957629660518E-4	0.46045888547672353	0.01047790084101485	8.095614468833968E-5
147	file:/Users/simonemordue/SDG/SDGclassy-master/project-simone/target-txt/st%20Vincent_2013.pdf41.txt	0.0013408121782233432	0.002367068633621278	6.662737540039862E-5	1.9202936780342137E-4	1.3625809112271625E-4	6.337463831434061E-5	6.64779616925067E-5	0.0012151059526345107	0.25230343293294516	6.349374796884577E-5	0.08536264094477183	6.33663757240026E-5	0.3352347662944534	0.002367126426256644	2.0050361151246947E-4	0.13562588091199435	1.3453589529404888E-4	0.18319649866026658
148	file:/Users/simonemordue/SDG/SDGclassy-master/project-simone/target-txt/Guinea_2018.pdf196.txt	5.141297679060692E-4	0.7363405909750792	1.812140308341732E-4	5.22284054700852E-4	3.705965870294474E-4	0.025233400871803795	1.8080765342389312E-4	0.0033048614964079808	0.006437728352919957	1.7269114884172374E-4	0.006621154681928844	1.723447200987976E-4	1.8092158255143026E-4	1.7288383961743843E-4	5.453324166025359E-4	0.21851089112980487	3.659125356748334E-4	1.7225415477338402E-4
149	file:/Users/simonemordue/SDG/SDGclassy-master/project-simone/target-txt/Belize_2017.pdf72.txt	0.030450990900241108	6.41720112708922E-5	0.0035588613798149403	0.057222463909857434	1.376853412585106E-4	6.403846282850175E-5	0.0047225557706414515	6.398834197879158E-5	6.407663328919119E-5	6.415882010998572E-5	1.322238251125661E-4	6.403011369076617E-5	6.721661965182673E-5	0.27822327373995037	2.0260380831106322E-4	0.5606862234221992	0.06414744043324905	6.399646654405144E-5
150	file:/Users/simonemordue/SDG/SDGclassy-master/project-simone/target-txt/Guyana_2012.pdf71.txt	0.0017418773089975543	0.6798416619744736	6.139551297868026E-4	0.012382886343749223	0.0012555853133492745	5.839819452236728E-4	6.125783186506977E-4	5.835248812965079E-4	0.05365124113769285	5.850795118462677E-4	0.08611283822221635	5.83905807454582E-4	6.129643117879928E-4	5.857323503139516E-4	0.0018475922260045136	0.15658128055018491	0.0012397156958361489	5.835989711358792E-4
151	file:/Users/simonemordue/SDG/SDGclassy-master/project-simone/target-txt/Cabo%20Verde_2018.pdf159.txt	4.62025053488941E-4	0.4899915795264697	1.6284881272309832E-4	4.6935294039163433E-4	3.3303830790124944E-4	1.5489856150306054E-4	1.6248361981570055E-4	1.5477732737003322E-4	1.5499088960076234E-4	1.551896860701541E-4	0.0059501307588858115	1.5487836630523864E-4	1.6258600274415591E-4	1.5536284851184464E-4	0.00330521693798143	0.491956711452269	0.005959131928603491	1.547969793637883E-4
152	file:/Users/simonemordue/SDG/SDGclassy-master/project-simone/target-txt/Bahrain_2018.pdf119.txt	3.762335452548463E-4	1.2639914203246784E-4	1.3261009481777016E-4	3.8220074735310406E-4	0.002563615537699099	1.2613609264062832E-4	1.323127130606238E-4	1.26037369968924E-4	1.2621127671833725E-4	1.2637315949914885E-4	0.0025528580292250437	1.2611964740499385E-4	1.3239608492943361E-4	0.6465883130032772	3.990672418684957E-4	0.34558929285852896	2.6777008285442213E-4	1.2605337286579281E-4
153	file:/Users/simonemordue/SDG/SDGclassy-master/project-simone/target-txt/Cabo%20Verde_2018.pdf81.txt	2.448758397547322E-4	0.026939094369717375	8.63107735554525E-5	2.4875966043799236E-4	0.0016685580419925612	0.009034372451241954	8.611721928995066E-5	8.203284157108416E-5	0.007542375493160877	0.028431123351177694	0.16578660456977826	0.38353788076133727	8.617148280962937E-5	8.234317102229573E-5	2.597374083296044E-4	0.3741352722412743	0.001666327066311876	8.204325723672239E-5
154	file:/Users/simonemordue/SDG/SDGclassy-master/project-simone/target-txt/Guinea_2018.pdf585.txt	0.008753802165701973	2.2303118213348454E-4	2.3399040321368312E-4	6.743929042854419E-4	0.004523497507300565	2.2256703169798244E-4	2.3346567334784076E-4	2.2239283562497478E-4	0.5341586330781989	2.2298533597481783E-4	4.595467001428258E-4	2.2253801409323416E-4	0.0164134895521617	2.232341455846338E-4	7.041538199825552E-4	0.43181337848691753	4.7248009091440237E-4	2.22421072723335E-4
155	file:/Users/simonemordue/SDG/SDGclassy-master/project-simone/target-txt/Bahrain_2018.pdf32.txt	2.3239315468662924E-4	0.00291005064209354	8.191103283233267E-5	2.360789954038026E-4	0.0015835023477398945	7.791215020113347E-5	8.172734510549085E-5	0.13742868768943106	0.00574191061153005	7.805858242605886E-5	0.12051985006413733	7.790199225472795E-5	8.177884251142182E-5	7.81456810926654E-5	2.4649714635916614E-4	0.5533018349063858	1.6539709196607765E-4	0.17707636172384236
156	file:/Users/simonemordue/SDG/SDGclassy-master/project-simone/target-txt/Cabo%20Verde_2018.pdf43.txt	3.97751024060028E-5	0.14833310834370067	1.4019430664731796E-5	0.05602383931189525	2.867081060185659E-5	2.5568752983003655E-4	0.05551271630272597	0.00849566295572111	1.3342952853562858E-5	0.12579432073691577	2.7533535612463506E-5	1.3333265877567251E-5	1.3996805714533062E-5	1.337497428544713E-5	0.0010115991636219942	0.4868264092770569	0.06376702260774138	0.05381558689277535
157	file:/Users/simonemordue/SDG/SDGclassy-master/project-simone/target-txt/Belize_2017.pdf98.txt	2.353929773792345E-4	0.010118945416857119	8.296837281894504E-5	2.3912639638519015E-4	1.6967668373441095E-4	7.89178710302095E-5	8.278231397832375E-5	0.007250186795441718	7.896491043997673E-5	7.906619346017063E-5	0.02597973666545313	7.890758196101692E-5	8.283447613312449E-5	0.6110765292808129	2.4967902895079314E-4	0.3438698868152998	1.675321030013201E-4	7.886611686226715E-5
158	file:/Users/simonemordue/SDG/SDGclassy-master/project-simone/target-txt/st%20Vincent_2013.pdf56.txt	0.028943346934820854	0.0013708850830433618	0.0014382471108858488	0.004145228320773003	0.002941325614499516	0.001368032132607323	0.001435021802483546	0.0013669614177605177	0.001368847555314758	0.001370603284711712	0.052550327081056565	0.0013678537727873441	0.0014359260273814293	0.0013721326196654696	0.004328156981225807	0.7397487977298242	0.0029041495564591795	0.15054415697469936
159	file:/Users/simonemordue/SDG/SDGclassy-master/project-simone/target-txt/Tonga_2019.pdf128.txt	3.4105112160088066E-4	0.3242901794422996	1.2020943412306504E-4	3.464603175487099E-4	2.458375094338889E-4	0.1518118973157493	1.1993986118599557E-4	1.1425133918457524E-4	1.1440898353258569E-4	1.1455572829965919E-4	0.19972876298140782	1.1432592267721694E-4	1.200154367685723E-4	1.1468355090259325E-4	3.617495891846375E-4	0.3215846753051247	2.4273031535984517E-4	1.1426584561547386E-4
